body
44.979166,234.25594
29.104166,-0.37798
4.913692,-13.22917
22.300596,0
5.29166,13.22917
56.69643,0.37798
5.29167,-15.49703
23.8125,-0.37797
4.9137,15.87499
37.04166,0.37798
-9.07143,-24.19047
-47.625,-7.9375
-24.56845,-24.56846
-94.49405,0.37798

door
128.58462,182.67168
22.30059,-0.37797
12.47322,16.25298
-0.75595,17.3869
-3.77977,12.47322
-30.23809,0

door
124.41396,182.60862
0,45.83673
-16.03617,-0.13364
-5.61266,-12.16076
-7.617178,-0.26727
0.133635,-21.5152
4.677212,-11.89349

window
130.82843,185.14768
18.70886,-0.26727
9.35444,13.09621
-28.0633,-0.26727

window
101.96332,185.01405 
20.31249,0 
0.13363,12.42803 
97.018839,0

window
95.682489,182.20772
-6.815371,15.368
-58.398392,0
3.073599,-15.23436
